0.0008,0.1,794.0225,0.0282,0.0083,0.0208,0.9728,0.9921,0.9802
0.0007,0.1,382.2107,0.0153,0.0045,0.0548,0.9852,0.9957,0.9470
0.0003,0.1,618.7209,0.0112,0.0050,0.0098,0.9892,0.9952,0.9906
0.0001,0.1,390.6669,0.0119,0.0036,0.0197,0.9885,0.9966,0.9811


0.0005,0.9,355.1308,0.0278,0.0072,0.0554,0.9734,0.9932,0.9470
0.001,0.25,364.9555,0.0122,0.0063,0.0365,0.9882,0.9939,0.9648

0.001,0.25,850.0000,0.0170,0.0060,0.0320,0.9850,0.9940,0.9750
0.0005,0.9,460.0000,0.0550,0.0120,0.0380,0.9480,0.9900,0.9650
0.0007,0.9,458.9927,0.0228,0.9781,0.0034,0.9968,0.0141,0.9865

0.0007,0.5,362.0570,0.0158,0.0074,0.0375,0.9847,0.9929,0.9639
0.0003,0.5,329.8075,0.0144,0.9862,0.0032,0.9970,0.0219,0.9787

0.0001,0.75,422.1322,0.0093,0.0032,0.0168,0.9911,0.9970,0.9840
0.0001,0.25,283.7064,0.0114,0.0049,0.0356,0.9891,0.9953,0.9657
0.0003,0.25,263.8991,0.0148,0.0091,0.0222,0.9858,0.9913,0.9789
0.0008,0.25,181.5007,0.0265,0.9745,0.0127,0.9878,0.0726,0.9297

